43.0330997305078 35.4105576114989 30.2855426757447 2.03007161923381 0.0851635063865696 -0.111383771768735
35.4105576114989 43.9320077025058 30.2036277190041 -2.16439895069289 -0.0344303524800076 -0.18565337576906
30.2855426757447 30.2036277190041 63.7214067830086 0.00407278548699752 0.0014498290552563 0.025563385752745
2.03007161923381 -2.16439895069289 0.00407278548699752 11.0447188400048 -0.0571402869609554 -0.0447268194876375
0.0851635063865696 -0.0344303524800076 0.0014498290552563 -0.0571402869609554 11.2888432626826 2.26889107991401
-0.111383771768735 -0.18565337576906 0.025563385752745 -0.0447268194876375 2.26889107991401 4.41796511491503

Total wall time: 0:15:28
